101
0.00990099009901
0.00990099009901
0.000000000000000000e+00 0.000000000000000000e+00 0.000000000000000000e+00 0.000000000000000000e+00 0.000000000000000000e+00 0.000000000000000000e+00 0.000000000000000000e+00 0.000000000000000000e+00 0.000000000000000000e+00 0.000000000000000000e+00 0.000000000000000000e+00 0.000000000000000000e+00 0.000000000000000000e+00 0.000000000000000000e+00 0.000000000000000000e+00 0.000000000000000000e+00 0.000000000000000000e+00 0.000000000000000000e+00 0.000000000000000000e+00 0.000000000000000000e+00 0.000000000000000000e+00 0.000000000000000000e+00 0.000000000000000000e+00 0.000000000000000000e+00 0.000000000000000000e+00 0.000000000000000000e+00 0.000000000000000000e+00 0.000000000000000000e+00 0.000000000000000000e+00 0.000000000000000000e+00 0.000000000000000000e+00 0.000000000000000000e+00 0.000000000000000000e+00 0.000000000000000000e+00 0.000000000000000000e+00 0.000000000000000000e+00 0.000000000000000000e+00 0.000000000000000000e+00 0.000000000000000000e+00 0.000000000000000000e+00 0.000000000000000000e+00 0.000000000000000000e+00 0.000000000000000000e+00 0.000000000000000000e+00 0.000000000000000000e+00 0.000000000000000000e+00 0.000000000000000000e+00 0.000000000000000000e+00 0.000000000000000000e+00 0.000000000000000000e+00 0.000000000000000000e+00 0.000000000000000000e+00 0.000000000000000000e+00 0.000000000000000000e+00 0.000000000000000000e+00 0.000000000000000000e+00 0.000000000000000000e+00 0.000000000000000000e+00 0.000000000000000000e+00 0.000000000000000000e+00 0.000000000000000000e+00 0.000000000000000000e+00 0.000000000000000000e+00 0.000000000000000000e+00 0.000000000000000000e+00 0.000000000000000000e+00 0.000000000000000000e+00 0.000000000000000000e+00 0.000000000000000000e+00 0.000000000000000000e+00 0.000000000000000000e+00 0.000000000000000000e+00 0.000000000000000000e+00 0.000000000000000000e+00 0.000000000000000000e+00 0.000000000000000000e+00 0.000000000000000000e+00 0.000000000000000000e+00 0.000000000000000000e+00 0.000000000000000000e+00 0.000000000000000000e+00 0.000000000000000000e+00 0.000000000000000000e+00 0.000000000000000000e+00 0.000000000000000000e+00 0.000000000000000000e+00 0.000000000000000000e+00 0.000000000000000000e+00 0.000000000000000000e+00 0.000000000000000000e+00 0.000000000000000000e+00 0.000000000000000000e+00 0.000000000000000000e+00 0.000000000000000000e+00 0.000000000000000000e+00 0.000000000000000000e+00 0.000000000000000000e+00 0.000000000000000000e+00 0.000000000000000000e+00 0.000000000000000000e+00 0.000000000000000000e+00
0.000000000000000000e+00 1.000000000000000048e-04 2.000000000000000096e-04 2.999999999999999737e-04 4.000000000000000192e-04 5.000000000000000104e-04 5.999999999999999474e-04 7.000000000000001013e-04 8.000000000000000383e-04 8.999999999999999754e-04 1.000000000000000021e-03 1.100000000000000066e-03 1.199999999999999895e-03 1.300000000000000157e-03 1.400000000000000203e-03 1.500000000000000031e-03 1.600000000000000077e-03 1.700000000000000122e-03 1.799999999999999951e-03 1.899999999999999996e-03 2.000000000000000042e-03 2.099999999999999870e-03 2.200000000000000133e-03 2.299999999999999961e-03 2.399999999999999790e-03 2.500000000000000052e-03 2.600000000000000314e-03 2.700000000000000143e-03 2.800000000000000405e-03 2.899999999999999800e-03 3.000000000000000062e-03 3.099999999999999891e-03 3.200000000000000153e-03 3.300000000000000416e-03 3.400000000000000244e-03 3.500000000000000507e-03 3.599999999999999901e-03 3.700000000000000164e-03 3.799999999999999992e-03 3.900000000000000255e-03 4.000000000000000083e-03 4.100000000000000346e-03 4.199999999999999740e-03 4.300000000000000003e-03 4.400000000000000265e-03 4.500000000000000527e-03 4.599999999999999922e-03 4.700000000000000185e-03 4.799999999999999580e-03 4.899999999999999842e-03 5.000000000000000104e-03 5.100000000000000366e-03 5.200000000000000629e-03 5.300000000000000024e-03 5.400000000000000286e-03 5.500000000000000548e-03 5.600000000000000810e-03 5.700000000000001073e-03 5.799999999999999600e-03 5.899999999999999863e-03 6.000000000000000125e-03 6.100000000000000387e-03 6.199999999999999782e-03 6.300000000000000044e-03 6.400000000000000307e-03 6.500000000000000569e-03 6.600000000000000831e-03 6.700000000000000226e-03 6.800000000000000488e-03 6.900000000000000751e-03 7.000000000000001013e-03 7.099999999999999541e-03 7.199999999999999803e-03 7.300000000000000065e-03 7.400000000000000328e-03 7.499999999999999722e-03 7.599999999999999985e-03 7.700000000000000247e-03 7.800000000000000509e-03 7.900000000000000772e-03 8.000000000000000167e-03 8.100000000000001296e-03 8.200000000000000691e-03 8.300000000000000086e-03 8.399999999999999481e-03 8.500000000000000611e-03 8.600000000000000006e-03 8.699999999999999400e-03 8.800000000000000530e-03 8.899999999999999925e-03 9.000000000000001055e-03 9.100000000000000450e-03 9.199999999999999845e-03 9.300000000000000974e-03 9.400000000000000369e-03 9.500000000000001499e-03 9.599999999999999159e-03 9.700000000000000289e-03 9.799999999999999684e-03 9.900000000000000813e-03 1.000000000000000021e-02
0.000000000000000000e+00 2.000000000000000096e-04 4.000000000000000192e-04 5.999999999999999474e-04 8.000000000000000383e-04 1.000000000000000021e-03 1.199999999999999895e-03 1.400000000000000203e-03 1.600000000000000077e-03 1.799999999999999951e-03 2.000000000000000042e-03 2.200000000000000133e-03 2.399999999999999790e-03 2.600000000000000314e-03 2.800000000000000405e-03 3.000000000000000062e-03 3.200000000000000153e-03 3.400000000000000244e-03 3.599999999999999901e-03 3.799999999999999992e-03 4.000000000000000083e-03 4.199999999999999740e-03 4.400000000000000265e-03 4.599999999999999922e-03 4.799999999999999580e-03 5.000000000000000104e-03 5.200000000000000629e-03 5.400000000000000286e-03 5.600000000000000810e-03 5.799999999999999600e-03 6.000000000000000125e-03 6.199999999999999782e-03 6.400000000000000307e-03 6.600000000000000831e-03 6.800000000000000488e-03 7.000000000000001013e-03 7.199999999999999803e-03 7.400000000000000328e-03 7.599999999999999985e-03 7.800000000000000509e-03 8.000000000000000167e-03 8.200000000000000691e-03 8.399999999999999481e-03 8.600000000000000006e-03 8.800000000000000530e-03 9.000000000000001055e-03 9.199999999999999845e-03 9.400000000000000369e-03 9.599999999999999159e-03 9.799999999999999684e-03 1.000000000000000021e-02 1.020000000000000073e-02 1.040000000000000126e-02 1.060000000000000005e-02 1.080000000000000057e-02 1.100000000000000110e-02 1.120000000000000162e-02 1.140000000000000215e-02 1.159999999999999920e-02 1.179999999999999973e-02 1.200000000000000025e-02 1.220000000000000077e-02 1.239999999999999956e-02 1.260000000000000009e-02 1.280000000000000061e-02 1.300000000000000114e-02 1.320000000000000166e-02 1.340000000000000045e-02 1.360000000000000098e-02 1.380000000000000150e-02 1.400000000000000203e-02 1.419999999999999908e-02 1.439999999999999961e-02 1.460000000000000013e-02 1.480000000000000066e-02 1.499999999999999944e-02 1.519999999999999997e-02 1.540000000000000049e-02 1.560000000000000102e-02 1.580000000000000154e-02 1.600000000000000033e-02 1.620000000000000259e-02 1.640000000000000138e-02 1.660000000000000017e-02 1.679999999999999896e-02 1.700000000000000122e-02 1.720000000000000001e-02 1.739999999999999880e-02 1.760000000000000106e-02 1.779999999999999985e-02 1.800000000000000211e-02 1.820000000000000090e-02 1.839999999999999969e-02 1.860000000000000195e-02 1.880000000000000074e-02 1.900000000000000300e-02 1.919999999999999832e-02 1.940000000000000058e-02 1.959999999999999937e-02 1.980000000000000163e-02 2.000000000000000042e-02
0.000000000000000000e+00 2.999999999999999737e-04 5.999999999999999474e-04 8.999999999999999754e-04 1.199999999999999895e-03 1.500000000000000031e-03 1.799999999999999951e-03 2.100000000000000304e-03 2.399999999999999790e-03 2.699999999999999709e-03 3.000000000000000062e-03 3.299999999999999982e-03 3.599999999999999901e-03 3.899999999999999821e-03 4.200000000000000608e-03 4.499999999999999660e-03 4.799999999999999580e-03 5.100000000000000366e-03 5.399999999999999419e-03 5.700000000000000205e-03 6.000000000000000125e-03 6.299999999999999177e-03 6.599999999999999964e-03 6.899999999999999883e-03 7.199999999999999803e-03 7.499999999999999722e-03 7.799999999999999642e-03 8.099999999999999561e-03 8.400000000000001216e-03 8.699999999999999400e-03 8.999999999999999320e-03 9.299999999999999239e-03 9.599999999999999159e-03 9.900000000000000813e-03 1.020000000000000073e-02 1.050000000000000065e-02 1.079999999999999884e-02 1.109999999999999876e-02 1.140000000000000041e-02 1.170000000000000033e-02 1.200000000000000025e-02 1.230000000000000017e-02 1.259999999999999835e-02 1.290000000000000001e-02 1.319999999999999993e-02 1.349999999999999985e-02 1.379999999999999977e-02 1.409999999999999969e-02 1.439999999999999961e-02 1.469999999999999953e-02 1.499999999999999944e-02 1.529999999999999936e-02 1.559999999999999928e-02 1.590000000000000094e-02 1.619999999999999912e-02 1.650000000000000078e-02 1.680000000000000243e-02 1.710000000000000062e-02 1.739999999999999880e-02 1.769999999999999699e-02 1.799999999999999864e-02 1.830000000000000029e-02 1.859999999999999848e-02 1.890000000000000013e-02 1.919999999999999832e-02 1.949999999999999997e-02 1.980000000000000163e-02 2.009999999999999981e-02 2.040000000000000147e-02 2.069999999999999965e-02 2.100000000000000130e-02 2.129999999999999949e-02 2.159999999999999767e-02 2.189999999999999933e-02 2.219999999999999751e-02 2.249999999999999917e-02 2.280000000000000082e-02 2.309999999999999901e-02 2.340000000000000066e-02 2.369999999999999885e-02 2.400000000000000050e-02 2.430000000000000215e-02 2.460000000000000034e-02 2.490000000000000199e-02 2.519999999999999671e-02 2.549999999999999836e-02 2.580000000000000002e-02 2.609999999999999820e-02 2.639999999999999986e-02 2.669999999999999804e-02 2.699999999999999969e-02 2.730000000000000135e-02 2.759999999999999953e-02 2.790000000000000119e-02 2.819999999999999937e-02 2.850000000000000103e-02 2.879999999999999921e-02 2.909999999999999740e-02 2.939999999999999905e-02 2.969999999999999724e-02 2.999999999999999889e-02
0.000000000000000000e+00 4.000000000000000192e-04 8.000000000000000383e-04 1.199999999999999895e-03 1.600000000000000077e-03 2.000000000000000042e-03 2.399999999999999790e-03 2.800000000000000405e-03 3.200000000000000153e-03 3.599999999999999901e-03 4.000000000000000083e-03 4.400000000000000265e-03 4.799999999999999580e-03 5.200000000000000629e-03 5.600000000000000810e-03 6.000000000000000125e-03 6.400000000000000307e-03 6.800000000000000488e-03 7.199999999999999803e-03 7.599999999999999985e-03 8.000000000000000167e-03 8.399999999999999481e-03 8.800000000000000530e-03 9.199999999999999845e-03 9.599999999999999159e-03 1.000000000000000021e-02 1.040000000000000126e-02 1.080000000000000057e-02 1.120000000000000162e-02 1.159999999999999920e-02 1.200000000000000025e-02 1.239999999999999956e-02 1.280000000000000061e-02 1.320000000000000166e-02 1.360000000000000098e-02 1.400000000000000203e-02 1.439999999999999961e-02 1.480000000000000066e-02 1.519999999999999997e-02 1.560000000000000102e-02 1.600000000000000033e-02 1.640000000000000138e-02 1.679999999999999896e-02 1.720000000000000001e-02 1.760000000000000106e-02 1.800000000000000211e-02 1.839999999999999969e-02 1.880000000000000074e-02 1.919999999999999832e-02 1.959999999999999937e-02 2.000000000000000042e-02 2.040000000000000147e-02 2.080000000000000251e-02 2.120000000000000009e-02 2.160000000000000114e-02 2.200000000000000219e-02 2.240000000000000324e-02 2.280000000000000429e-02 2.319999999999999840e-02 2.359999999999999945e-02 2.400000000000000050e-02 2.440000000000000155e-02 2.479999999999999913e-02 2.520000000000000018e-02 2.560000000000000123e-02 2.600000000000000228e-02 2.640000000000000333e-02 2.680000000000000090e-02 2.720000000000000195e-02 2.760000000000000300e-02 2.800000000000000405e-02 2.839999999999999816e-02 2.879999999999999921e-02 2.920000000000000026e-02 2.960000000000000131e-02 2.999999999999999889e-02 3.039999999999999994e-02 3.080000000000000099e-02 3.120000000000000204e-02 3.160000000000000309e-02 3.200000000000000067e-02 3.240000000000000518e-02 3.280000000000000276e-02 3.320000000000000034e-02 3.359999999999999792e-02 3.400000000000000244e-02 3.440000000000000002e-02 3.479999999999999760e-02 3.520000000000000212e-02 3.559999999999999970e-02 3.600000000000000422e-02 3.640000000000000180e-02 3.679999999999999938e-02 3.720000000000000390e-02 3.760000000000000148e-02 3.800000000000000600e-02 3.839999999999999664e-02 3.880000000000000115e-02 3.919999999999999873e-02 3.960000000000000325e-02 4.000000000000000083e-02
0.000000000000000000e+00 5.000000000000000104e-04 1.000000000000000021e-03 1.500000000000000031e-03 2.000000000000000042e-03 2.500000000000000486e-03 3.000000000000000062e-03 3.500000000000000507e-03 4.000000000000000083e-03 4.499999999999999660e-03 5.000000000000000971e-03 5.500000000000000548e-03 6.000000000000000125e-03 6.500000000000000569e-03 7.000000000000001013e-03 7.499999999999999722e-03 8.000000000000000167e-03 8.500000000000000611e-03 8.999999999999999320e-03 9.500000000000001499e-03 1.000000000000000194e-02 1.050000000000000065e-02 1.100000000000000110e-02 1.150000000000000154e-02 1.200000000000000025e-02 1.250000000000000069e-02 1.300000000000000114e-02 1.350000000000000158e-02 1.400000000000000203e-02 1.449999999999999900e-02 1.499999999999999944e-02 1.549999999999999989e-02 1.600000000000000033e-02 1.650000000000000078e-02 1.700000000000000122e-02 1.750000000000000167e-02 1.799999999999999864e-02 1.849999999999999908e-02 1.900000000000000300e-02 1.950000000000000344e-02 2.000000000000000389e-02 2.050000000000000433e-02 2.100000000000000130e-02 2.150000000000000175e-02 2.200000000000000219e-02 2.250000000000000264e-02 2.300000000000000308e-02 2.350000000000000352e-02 2.400000000000000050e-02 2.450000000000000094e-02 2.500000000000000139e-02 2.550000000000000183e-02 2.600000000000000228e-02 2.650000000000000272e-02 2.700000000000000316e-02 2.750000000000000361e-02 2.800000000000000405e-02 2.850000000000000450e-02 2.899999999999999800e-02 2.949999999999999845e-02 2.999999999999999889e-02 3.049999999999999933e-02 3.099999999999999978e-02 3.150000000000000022e-02 3.200000000000000067e-02 3.250000000000000111e-02 3.300000000000000155e-02 3.350000000000000200e-02 3.400000000000000244e-02 3.450000000000000289e-02 3.500000000000000333e-02 3.549999999999999684e-02 3.599999999999999728e-02 3.649999999999999772e-02 3.699999999999999817e-02 3.750000000000000555e-02 3.800000000000000600e-02 3.850000000000000644e-02 3.900000000000000688e-02 3.950000000000000733e-02 4.000000000000000777e-02 4.050000000000000822e-02 4.100000000000000866e-02 4.150000000000000910e-02 4.200000000000000261e-02 4.250000000000000305e-02 4.300000000000000350e-02 4.350000000000000394e-02 4.400000000000000439e-02 4.450000000000000483e-02 4.500000000000000527e-02 4.550000000000000572e-02 4.600000000000000616e-02 4.650000000000000661e-02 4.700000000000000705e-02 4.750000000000000749e-02 4.800000000000000100e-02 4.850000000000000144e-02 4.900000000000000189e-02 4.950000000000000233e-02 5.000000000000000278e-02
0.000000000000000000e+00 5.999999999999999474e-04 1.199999999999999895e-03 1.799999999999999951e-03 2.399999999999999790e-03 3.000000000000000062e-03 3.599999999999999901e-03 4.200000000000000608e-03 4.799999999999999580e-03 5.399999999999999419e-03 6.000000000000000125e-03 6.599999999999999964e-03 7.199999999999999803e-03 7.799999999999999642e-03 8.400000000000001216e-03 8.999999999999999320e-03 9.599999999999999159e-03 1.020000000000000073e-02 1.079999999999999884e-02 1.140000000000000041e-02 1.200000000000000025e-02 1.259999999999999835e-02 1.319999999999999993e-02 1.379999999999999977e-02 1.439999999999999961e-02 1.499999999999999944e-02 1.559999999999999928e-02 1.619999999999999912e-02 1.680000000000000243e-02 1.739999999999999880e-02 1.799999999999999864e-02 1.859999999999999848e-02 1.919999999999999832e-02 1.980000000000000163e-02 2.040000000000000147e-02 2.100000000000000130e-02 2.159999999999999767e-02 2.219999999999999751e-02 2.280000000000000082e-02 2.340000000000000066e-02 2.400000000000000050e-02 2.460000000000000034e-02 2.519999999999999671e-02 2.580000000000000002e-02 2.639999999999999986e-02 2.699999999999999969e-02 2.759999999999999953e-02 2.819999999999999937e-02 2.879999999999999921e-02 2.939999999999999905e-02 2.999999999999999889e-02 3.059999999999999873e-02 3.119999999999999857e-02 3.180000000000000188e-02 3.239999999999999825e-02 3.300000000000000155e-02 3.360000000000000486e-02 3.420000000000000123e-02 3.479999999999999760e-02 3.539999999999999397e-02 3.599999999999999728e-02 3.660000000000000059e-02 3.719999999999999696e-02 3.780000000000000027e-02 3.839999999999999664e-02 3.899999999999999994e-02 3.960000000000000325e-02 4.019999999999999962e-02 4.080000000000000293e-02 4.139999999999999930e-02 4.200000000000000261e-02 4.259999999999999898e-02 4.319999999999999535e-02 4.379999999999999866e-02 4.439999999999999503e-02 4.499999999999999833e-02 4.560000000000000164e-02 4.619999999999999801e-02 4.680000000000000132e-02 4.739999999999999769e-02 4.800000000000000100e-02 4.860000000000000431e-02 4.920000000000000068e-02 4.980000000000000399e-02 5.039999999999999342e-02 5.099999999999999672e-02 5.160000000000000003e-02 5.219999999999999640e-02 5.279999999999999971e-02 5.339999999999999608e-02 5.399999999999999939e-02 5.460000000000000270e-02 5.519999999999999907e-02 5.580000000000000238e-02 5.639999999999999875e-02 5.700000000000000205e-02 5.759999999999999842e-02 5.819999999999999479e-02 5.879999999999999810e-02 5.939999999999999447e-02 5.999999999999999778e-02
0.000000000000000000e+00 7.000000000000001013e-04 1.400000000000000203e-03 2.100000000000000304e-03 2.800000000000000405e-03 3.500000000000000507e-03 4.200000000000000608e-03 4.900000000000000709e-03 5.600000000000000810e-03 6.300000000000000044e-03 7.000000000000001013e-03 7.700000000000001114e-03 8.400000000000001216e-03 9.100000000000000450e-03 9.800000000000001418e-03 1.050000000000000065e-02 1.120000000000000162e-02 1.190000000000000259e-02 1.260000000000000009e-02 1.330000000000000106e-02 1.400000000000000203e-02 1.470000000000000126e-02 1.540000000000000223e-02 1.610000000000000320e-02 1.680000000000000243e-02 1.750000000000000167e-02 1.820000000000000090e-02 1.890000000000000360e-02 1.960000000000000284e-02 2.030000000000000207e-02 2.100000000000000130e-02 2.170000000000000054e-02 2.240000000000000324e-02 2.310000000000000248e-02 2.380000000000000518e-02 2.450000000000000441e-02 2.520000000000000018e-02 2.590000000000000288e-02 2.660000000000000211e-02 2.730000000000000482e-02 2.800000000000000405e-02 2.870000000000000329e-02 2.940000000000000252e-02 3.010000000000000175e-02 3.080000000000000446e-02 3.150000000000000716e-02 3.220000000000000639e-02 3.290000000000000563e-02 3.360000000000000486e-02 3.430000000000000410e-02 3.500000000000000333e-02 3.570000000000000256e-02 3.640000000000000180e-02 3.710000000000000797e-02 3.780000000000000721e-02 3.850000000000000644e-02 3.920000000000000567e-02 3.990000000000000491e-02 4.060000000000000414e-02 4.130000000000000338e-02 4.200000000000000261e-02 4.270000000000000184e-02 4.340000000000000108e-02 4.410000000000000725e-02 4.480000000000000648e-02 4.550000000000000572e-02 4.620000000000000495e-02 4.690000000000000419e-02 4.760000000000001036e-02 4.830000000000000959e-02 4.900000000000000883e-02 4.970000000000000112e-02 5.040000000000000036e-02 5.110000000000000653e-02 5.180000000000000576e-02 5.250000000000000500e-02 5.320000000000000423e-02 5.390000000000000346e-02 5.460000000000000964e-02 5.530000000000000887e-02 5.600000000000000810e-02 5.670000000000000734e-02 5.740000000000000657e-02 5.810000000000001275e-02 5.880000000000000504e-02 5.950000000000000427e-02 6.020000000000000351e-02 6.090000000000000274e-02 6.160000000000000892e-02 6.230000000000000815e-02 6.300000000000001432e-02 6.370000000000000662e-02 6.440000000000001279e-02 6.510000000000000508e-02 6.580000000000001126e-02 6.650000000000001743e-02 6.720000000000000973e-02 6.790000000000000202e-02 6.860000000000000819e-02 6.930000000000000049e-02 7.000000000000000666e-02
0.000000000000000000e+00 8.000000000000000383e-04 1.600000000000000077e-03 2.399999999999999790e-03 3.200000000000000153e-03 4.000000000000000083e-03 4.799999999999999580e-03 5.600000000000000810e-03 6.400000000000000307e-03 7.199999999999999803e-03 8.000000000000000167e-03 8.800000000000000530e-03 9.599999999999999159e-03 1.040000000000000126e-02 1.120000000000000162e-02 1.200000000000000025e-02 1.280000000000000061e-02 1.360000000000000098e-02 1.439999999999999961e-02 1.519999999999999997e-02 1.600000000000000033e-02 1.679999999999999896e-02 1.760000000000000106e-02 1.839999999999999969e-02 1.919999999999999832e-02 2.000000000000000042e-02 2.080000000000000251e-02 2.160000000000000114e-02 2.240000000000000324e-02 2.319999999999999840e-02 2.400000000000000050e-02 2.479999999999999913e-02 2.560000000000000123e-02 2.640000000000000333e-02 2.720000000000000195e-02 2.800000000000000405e-02 2.879999999999999921e-02 2.960000000000000131e-02 3.039999999999999994e-02 3.120000000000000204e-02 3.200000000000000067e-02 3.280000000000000276e-02 3.359999999999999792e-02 3.440000000000000002e-02 3.520000000000000212e-02 3.600000000000000422e-02 3.679999999999999938e-02 3.760000000000000148e-02 3.839999999999999664e-02 3.919999999999999873e-02 4.000000000000000083e-02 4.080000000000000293e-02 4.160000000000000503e-02 4.240000000000000019e-02 4.320000000000000229e-02 4.400000000000000439e-02 4.480000000000000648e-02 4.560000000000000858e-02 4.639999999999999680e-02 4.719999999999999890e-02 4.800000000000000100e-02 4.880000000000000310e-02 4.959999999999999826e-02 5.040000000000000036e-02 5.120000000000000245e-02 5.200000000000000455e-02 5.280000000000000665e-02 5.360000000000000181e-02 5.440000000000000391e-02 5.520000000000000601e-02 5.600000000000000810e-02 5.679999999999999633e-02 5.759999999999999842e-02 5.840000000000000052e-02 5.920000000000000262e-02 5.999999999999999778e-02 6.079999999999999988e-02 6.160000000000000198e-02 6.240000000000000407e-02 6.320000000000000617e-02 6.400000000000000133e-02 6.480000000000001037e-02 6.560000000000000553e-02 6.640000000000000069e-02 6.719999999999999585e-02 6.800000000000000488e-02 6.880000000000000004e-02 6.959999999999999520e-02 7.040000000000000424e-02 7.119999999999999940e-02 7.200000000000000844e-02 7.280000000000000360e-02 7.359999999999999876e-02 7.440000000000000779e-02 7.520000000000000295e-02 7.600000000000001199e-02 7.679999999999999327e-02 7.760000000000000231e-02 7.839999999999999747e-02 7.920000000000000651e-02 8.000000000000000167e-02
0.000000000000000000e+00 8.999999999999999754e-04 1.799999999999999951e-03 2.699999999999999709e-03 3.599999999999999901e-03 4.499999999999999660e-03 5.399999999999999419e-03 6.300000000000000044e-03 7.199999999999999803e-03 8.099999999999999561e-03 8.999999999999999320e-03 9.899999999999999079e-03 1.079999999999999884e-02 1.170000000000000033e-02 1.260000000000000009e-02 1.349999999999999985e-02 1.439999999999999961e-02 1.530000000000000110e-02 1.619999999999999912e-02 1.710000000000000062e-02 1.799999999999999864e-02 1.890000000000000013e-02 1.979999999999999816e-02 2.069999999999999965e-02 2.159999999999999767e-02 2.249999999999999917e-02 2.340000000000000066e-02 2.430000000000000215e-02 2.520000000000000018e-02 2.609999999999999820e-02 2.699999999999999969e-02 2.789999999999999772e-02 2.879999999999999921e-02 2.970000000000000070e-02 3.060000000000000220e-02 3.150000000000000022e-02 3.239999999999999825e-02 3.329999999999999627e-02 3.420000000000000123e-02 3.509999999999999926e-02 3.599999999999999728e-02 3.690000000000000224e-02 3.780000000000000027e-02 3.869999999999999829e-02 3.959999999999999631e-02 4.050000000000000128e-02 4.139999999999999930e-02 4.230000000000000426e-02 4.319999999999999535e-02 4.410000000000000031e-02 4.499999999999999833e-02 4.589999999999999636e-02 4.680000000000000132e-02 4.769999999999999934e-02 4.860000000000000431e-02 4.950000000000000233e-02 5.040000000000000036e-02 5.130000000000000532e-02 5.219999999999999640e-02 5.309999999999999443e-02 5.399999999999999939e-02 5.489999999999999741e-02 5.579999999999999544e-02 5.670000000000000040e-02 5.759999999999999842e-02 5.849999999999999645e-02 5.940000000000000141e-02 6.029999999999999943e-02 6.120000000000000440e-02 6.210000000000000242e-02 6.300000000000000044e-02 6.389999999999999847e-02 6.479999999999999649e-02 6.569999999999999452e-02 6.659999999999999254e-02 6.750000000000000444e-02 6.840000000000000246e-02 6.930000000000000049e-02 7.019999999999999851e-02 7.109999999999999654e-02 7.199999999999999456e-02 7.290000000000000646e-02 7.380000000000000449e-02 7.470000000000000251e-02 7.560000000000000053e-02 7.649999999999999856e-02 7.739999999999999658e-02 7.829999999999999460e-02 7.919999999999999263e-02 8.010000000000000453e-02 8.100000000000000255e-02 8.190000000000000058e-02 8.279999999999999860e-02 8.369999999999999662e-02 8.460000000000000853e-02 8.550000000000000655e-02 8.639999999999999070e-02 8.729999999999998872e-02 8.820000000000000062e-02 8.909999999999999865e-02 8.999999999999999667e-02
0.000000000000000000e+00 1.000000000000000021e-03 2.000000000000000042e-03 3.000000000000000062e-03 4.000000000000000083e-03 5.000000000000000971e-03 6.000000000000000125e-03 7.000000000000001013e-03 8.000000000000000167e-03 8.999999999999999320e-03 1.000000000000000194e-02 1.100000000000000110e-02 1.200000000000000025e-02 1.300000000000000114e-02 1.400000000000000203e-02 1.499999999999999944e-02 1.600000000000000033e-02 1.700000000000000122e-02 1.799999999999999864e-02 1.900000000000000300e-02 2.000000000000000389e-02 2.100000000000000130e-02 2.200000000000000219e-02 2.300000000000000308e-02 2.400000000000000050e-02 2.500000000000000139e-02 2.600000000000000228e-02 2.700000000000000316e-02 2.800000000000000405e-02 2.899999999999999800e-02 2.999999999999999889e-02 3.099999999999999978e-02 3.200000000000000067e-02 3.300000000000000155e-02 3.400000000000000244e-02 3.500000000000000333e-02 3.599999999999999728e-02 3.699999999999999817e-02 3.800000000000000600e-02 3.900000000000000688e-02 4.000000000000000777e-02 4.100000000000000866e-02 4.200000000000000261e-02 4.300000000000000350e-02 4.400000000000000439e-02 4.500000000000000527e-02 4.600000000000000616e-02 4.700000000000000705e-02 4.800000000000000100e-02 4.900000000000000189e-02 5.000000000000000278e-02 5.100000000000000366e-02 5.200000000000000455e-02 5.300000000000000544e-02 5.400000000000000633e-02 5.500000000000000722e-02 5.600000000000000810e-02 5.700000000000000899e-02 5.799999999999999600e-02 5.899999999999999689e-02 5.999999999999999778e-02 6.099999999999999867e-02 6.199999999999999956e-02 6.300000000000000044e-02 6.400000000000000133e-02 6.500000000000000222e-02 6.600000000000000311e-02 6.700000000000000400e-02 6.800000000000000488e-02 6.900000000000000577e-02 7.000000000000000666e-02 7.099999999999999367e-02 7.199999999999999456e-02 7.299999999999999545e-02 7.399999999999999634e-02 7.500000000000001110e-02 7.600000000000001199e-02 7.700000000000001288e-02 7.800000000000001377e-02 7.900000000000001465e-02 8.000000000000001554e-02 8.100000000000001643e-02 8.200000000000001732e-02 8.300000000000001821e-02 8.400000000000000522e-02 8.500000000000000611e-02 8.600000000000000699e-02 8.700000000000000788e-02 8.800000000000000877e-02 8.900000000000000966e-02 9.000000000000001055e-02 9.100000000000001144e-02 9.200000000000001232e-02 9.300000000000001321e-02 9.400000000000001410e-02 9.500000000000001499e-02 9.600000000000000200e-02 9.700000000000000289e-02 9.800000000000000377e-02 9.900000000000000466e-02 1.000000000000000056e-01
0.000000000000000000e+00 1.100000000000000066e-03 2.200000000000000133e-03 3.299999999999999982e-03 4.400000000000000265e-03 5.500000000000000548e-03 6.599999999999999964e-03 7.700000000000001114e-03 8.800000000000000530e-03 9.899999999999999079e-03 1.100000000000000110e-02 1.209999999999999964e-02 1.319999999999999993e-02 1.430000000000000021e-02 1.540000000000000223e-02 1.650000000000000078e-02 1.760000000000000106e-02 1.870000000000000134e-02 1.979999999999999816e-02 2.090000000000000191e-02 2.200000000000000219e-02 2.309999999999999901e-02 2.419999999999999929e-02 2.529999999999999957e-02 2.639999999999999986e-02 2.750000000000000014e-02 2.860000000000000042e-02 2.970000000000000070e-02 3.080000000000000446e-02 3.189999999999999780e-02 3.300000000000000155e-02 3.409999999999999837e-02 3.520000000000000212e-02 3.629999999999999893e-02 3.740000000000000269e-02 3.850000000000000644e-02 3.959999999999999631e-02 4.070000000000000007e-02 4.180000000000000382e-02 4.290000000000000063e-02 4.400000000000000439e-02 4.510000000000000120e-02 4.619999999999999801e-02 4.730000000000000177e-02 4.839999999999999858e-02 4.950000000000000233e-02 5.059999999999999915e-02 5.170000000000000290e-02 5.279999999999999971e-02 5.389999999999999653e-02 5.500000000000000028e-02 5.610000000000000403e-02 5.720000000000000084e-02 5.830000000000000460e-02 5.940000000000000141e-02 6.050000000000000516e-02 6.160000000000000892e-02 6.270000000000000573e-02 6.379999999999999560e-02 6.489999999999999936e-02 6.600000000000000311e-02 6.709999999999999298e-02 6.819999999999999674e-02 6.930000000000000049e-02 7.040000000000000424e-02 7.150000000000000799e-02 7.259999999999999787e-02 7.370000000000000162e-02 7.480000000000000537e-02 7.590000000000000913e-02 7.700000000000001288e-02 7.810000000000000275e-02 7.919999999999999263e-02 8.029999999999999638e-02 8.140000000000000013e-02 8.250000000000000389e-02 8.360000000000000764e-02 8.469999999999999751e-02 8.580000000000000127e-02 8.690000000000000502e-02 8.800000000000000877e-02 8.910000000000001252e-02 9.020000000000000240e-02 9.130000000000000615e-02 9.239999999999999603e-02 9.349999999999999978e-02 9.460000000000000353e-02 9.569999999999999341e-02 9.679999999999999716e-02 9.790000000000000091e-02 9.900000000000000466e-02 1.001000000000000084e-01 1.011999999999999983e-01 1.023000000000000020e-01 1.034000000000000058e-01 1.045000000000000095e-01 1.055999999999999994e-01 1.067000000000000032e-01 1.077999999999999931e-01 1.088999999999999968e-01 1.100000000000000006e-01
0.000000000000000000e+00 1.199999999999999895e-03 2.399999999999999790e-03 3.599999999999999901e-03 4.799999999999999580e-03 6.000000000000000125e-03 7.199999999999999803e-03 8.400000000000001216e-03 9.599999999999999159e-03 1.079999999999999884e-02 1.200000000000000025e-02 1.319999999999999993e-02 1.439999999999999961e-02 1.559999999999999928e-02 1.680000000000000243e-02 1.799999999999999864e-02 1.919999999999999832e-02 2.040000000000000147e-02 2.159999999999999767e-02 2.280000000000000082e-02 2.400000000000000050e-02 2.519999999999999671e-02 2.639999999999999986e-02 2.759999999999999953e-02 2.879999999999999921e-02 2.999999999999999889e-02 3.119999999999999857e-02 3.239999999999999825e-02 3.360000000000000486e-02 3.479999999999999760e-02 3.599999999999999728e-02 3.719999999999999696e-02 3.839999999999999664e-02 3.960000000000000325e-02 4.080000000000000293e-02 4.200000000000000261e-02 4.319999999999999535e-02 4.439999999999999503e-02 4.560000000000000164e-02 4.680000000000000132e-02 4.800000000000000100e-02 4.920000000000000068e-02 5.039999999999999342e-02 5.160000000000000003e-02 5.279999999999999971e-02 5.399999999999999939e-02 5.519999999999999907e-02 5.639999999999999875e-02 5.759999999999999842e-02 5.879999999999999810e-02 5.999999999999999778e-02 6.119999999999999746e-02 6.239999999999999714e-02 6.360000000000000375e-02 6.479999999999999649e-02 6.600000000000000311e-02 6.720000000000000973e-02 6.840000000000000246e-02 6.959999999999999520e-02 7.079999999999998794e-02 7.199999999999999456e-02 7.320000000000000118e-02 7.439999999999999392e-02 7.560000000000000053e-02 7.679999999999999327e-02 7.799999999999999989e-02 7.920000000000000651e-02 8.039999999999999925e-02 8.160000000000000586e-02 8.279999999999999860e-02 8.400000000000000522e-02 8.519999999999999796e-02 8.639999999999999070e-02 8.759999999999999731e-02 8.879999999999999005e-02 8.999999999999999667e-02 9.120000000000000329e-02 9.239999999999999603e-02 9.360000000000000264e-02 9.479999999999999538e-02 9.600000000000000200e-02 9.720000000000000862e-02 9.840000000000000135e-02 9.960000000000000797e-02 1.007999999999999868e-01 1.019999999999999934e-01 1.032000000000000001e-01 1.043999999999999928e-01 1.055999999999999994e-01 1.067999999999999922e-01 1.079999999999999988e-01 1.092000000000000054e-01 1.103999999999999981e-01 1.116000000000000048e-01 1.127999999999999975e-01 1.140000000000000041e-01 1.151999999999999968e-01 1.163999999999999896e-01 1.175999999999999962e-01 1.187999999999999889e-01 1.199999999999999956e-01
0.000000000000000000e+00 1.300000000000000157e-03 2.600000000000000314e-03 3.899999999999999821e-03 5.200000000000000629e-03 6.500000000000000569e-03 7.799999999999999642e-03 9.100000000000000450e-03 1.040000000000000126e-02 1.170000000000000033e-02 1.300000000000000114e-02 1.430000000000000021e-02 1.559999999999999928e-02 1.690000000000000183e-02 1.820000000000000090e-02 1.949999999999999997e-02 2.080000000000000251e-02 2.210000000000000159e-02 2.340000000000000066e-02 2.469999999999999973e-02 2.600000000000000228e-02 2.730000000000000135e-02 2.860000000000000042e-02 2.990000000000000296e-02 3.119999999999999857e-02 3.250000000000000111e-02 3.380000000000000365e-02 3.510000000000000620e-02 3.640000000000000180e-02 3.769999999999999740e-02 3.899999999999999994e-02 4.030000000000000249e-02 4.160000000000000503e-02 4.290000000000000063e-02 4.420000000000000318e-02 4.550000000000000572e-02 4.680000000000000132e-02 4.810000000000000386e-02 4.939999999999999947e-02 5.070000000000000201e-02 5.200000000000000455e-02 5.330000000000000709e-02 5.460000000000000270e-02 5.589999999999999830e-02 5.720000000000000084e-02 5.850000000000000339e-02 5.980000000000000593e-02 6.110000000000000847e-02 6.239999999999999714e-02 6.370000000000000662e-02 6.500000000000000222e-02 6.629999999999999782e-02 6.760000000000000731e-02 6.890000000000000291e-02 7.020000000000001239e-02 7.150000000000000799e-02 7.280000000000000360e-02 7.410000000000001308e-02 7.539999999999999480e-02 7.670000000000000429e-02 7.799999999999999989e-02 7.929999999999999549e-02 8.060000000000000497e-02 8.190000000000000058e-02 8.320000000000001006e-02 8.450000000000000566e-02 8.580000000000000127e-02 8.710000000000001075e-02 8.840000000000000635e-02 8.970000000000001583e-02 9.100000000000001144e-02 9.229999999999999316e-02 9.360000000000000264e-02 9.489999999999999825e-02 9.620000000000000773e-02 9.750000000000000333e-02 9.879999999999999893e-02 1.001000000000000084e-01 1.014000000000000040e-01 1.027000000000000135e-01 1.040000000000000091e-01 1.053000000000000047e-01 1.066000000000000142e-01 1.079000000000000098e-01 1.092000000000000054e-01 1.105000000000000010e-01 1.117999999999999966e-01 1.131000000000000061e-01 1.144000000000000017e-01 1.157000000000000112e-01 1.170000000000000068e-01 1.183000000000000024e-01 1.196000000000000119e-01 1.209000000000000075e-01 1.222000000000000169e-01 1.235000000000000125e-01 1.247999999999999943e-01 1.260999999999999899e-01 1.274000000000000132e-01 1.287000000000000088e-01 1.300000000000000044e-01
0.000000000000000000e+00 1.400000000000000203e-03 2.800000000000000405e-03 4.200000000000000608e-03 5.600000000000000810e-03 7.000000000000001013e-03 8.400000000000001216e-03 9.800000000000001418e-03 1.120000000000000162e-02 1.260000000000000009e-02 1.400000000000000203e-02 1.540000000000000223e-02 1.680000000000000243e-02 1.820000000000000090e-02 1.960000000000000284e-02 2.100000000000000130e-02 2.240000000000000324e-02 2.380000000000000518e-02 2.520000000000000018e-02 2.660000000000000211e-02 2.800000000000000405e-02 2.940000000000000252e-02 3.080000000000000446e-02 3.220000000000000639e-02 3.360000000000000486e-02 3.500000000000000333e-02 3.640000000000000180e-02 3.780000000000000721e-02 3.920000000000000567e-02 4.060000000000000414e-02 4.200000000000000261e-02 4.340000000000000108e-02 4.480000000000000648e-02 4.620000000000000495e-02 4.760000000000001036e-02 4.900000000000000883e-02 5.040000000000000036e-02 5.180000000000000576e-02 5.320000000000000423e-02 5.460000000000000964e-02 5.600000000000000810e-02 5.740000000000000657e-02 5.880000000000000504e-02 6.020000000000000351e-02 6.160000000000000892e-02 6.300000000000001432e-02 6.440000000000001279e-02 6.580000000000001126e-02 6.720000000000000973e-02 6.860000000000000819e-02 7.000000000000000666e-02 7.140000000000000513e-02 7.280000000000000360e-02 7.420000000000001594e-02 7.560000000000001441e-02 7.700000000000001288e-02 7.840000000000001135e-02 7.980000000000000981e-02 8.120000000000000828e-02 8.260000000000000675e-02 8.400000000000000522e-02 8.540000000000000369e-02 8.680000000000000215e-02 8.820000000000001450e-02 8.960000000000001297e-02 9.100000000000001144e-02 9.240000000000000990e-02 9.380000000000000837e-02 9.520000000000002072e-02 9.660000000000001918e-02 9.800000000000001765e-02 9.940000000000000224e-02 1.008000000000000007e-01 1.022000000000000131e-01 1.036000000000000115e-01 1.050000000000000100e-01 1.064000000000000085e-01 1.078000000000000069e-01 1.092000000000000193e-01 1.106000000000000177e-01 1.120000000000000162e-01 1.134000000000000147e-01 1.148000000000000131e-01 1.162000000000000255e-01 1.176000000000000101e-01 1.190000000000000085e-01 1.204000000000000070e-01 1.218000000000000055e-01 1.232000000000000178e-01 1.246000000000000163e-01 1.260000000000000286e-01 1.274000000000000132e-01 1.288000000000000256e-01 1.302000000000000102e-01 1.316000000000000225e-01 1.330000000000000349e-01 1.344000000000000195e-01 1.358000000000000040e-01 1.372000000000000164e-01 1.386000000000000010e-01 1.400000000000000133e-01
